0.0 0.0 0.0 0.0 0.0 0.0 0.0 0.0 0.0 0.0 0.0 0.0
0.9999906303547602 -0.0026342557035654223 -0.003435098190352086 -0.0512235067228973 0.0026273218242995255 0.9999945053608245 -0.0020214915759264596 -0.1625663771528739 0.0034404044414404894 0.0020124475268233633 0.9999920568045683 0.9853671018348434
0.999986695280994 -0.00039661255899819004 -0.005143146845467347 -0.11662344950500919 0.00037680888067965866 0.999992514280181 -0.0038508958268282587 -0.3236804131565568 0.00514463565895879 0.00384890660833576 0.9999793591079051 1.9516301464717718
0.9999804481730997 -9.479030203303219e-05 -0.006252542388896823 -0.19905464335164674 6.260408177612857e-05 0.99998674856491 -0.00514769611647907 -0.49603466878920244 0.0062529474854063636 0.005147204034941001 0.9999672029313597 2.931017369077572
0.9999606579081015 0.0015981249743068937 -0.00872517235144935 -0.28671135172922113 -0.0016438255986338315 0.9999849559604342 -0.005233133880286519 -0.7152358995542839 0.00871667788766266 0.0052472706595166636 0.9999482414991429 4.09449807394976
0.9999348132542979 0.0007198329265539445 -0.011395221921920705 -0.3507058917829284 -0.0007785055484718766 0.999986459913959 -0.0051452811253141955 -0.8797981424031648 0.011391363886864393 0.005153816964674533 0.9999218344448187 4.974780600827114
0.9998883066418733 0.002172385372425365 -0.014786986935827372 -0.4112560395285217 -0.002260995309793993 0.9999795734110486 -0.005978349342943096 -1.0478495713074065 0.014773697609458857 0.006011114909137142 0.9998727940875747 5.909385657972485
0.9998362085295254 0.004659333457313824 -0.017488474062548345 -0.48859502188598547 -0.004774244741841443 0.9999672516209475 -0.0065346976053712895 -1.2190657237650497 0.017457454008183857 0.006617121532977752 0.9998257103126376 6.869835630054503
0.9997897253826379 0.005016594368669135 -0.019883128532737812 -0.5784854720837584 -0.005129882144171295 0.9999708760705199 -0.0056507804720901415 -1.3867835433981919 0.019854201784408727 0.005751590362418658 0.9997863421150578 7.823294778929883
0.9997428267347555 0.0068963453600047716 -0.021603722204207663 -0.6773105657674637 -0.007009893500954643 0.9999619897297788 -0.00518463969498615 -1.5747998917652057 0.021567145974984197 0.005334746136142093 0.9997531688862792 8.914110926806536
0.9996876498964348 0.006307576264779208 -0.02418299249902197 -0.751158693613268 -0.006394172532072947 0.9999734136369344 -0.003505221380554179 -1.738228243032502 0.0241602401100197 0.00365875675067326 0.9997014035685186 9.786478173545834
0.9996431150227698 0.008212988139240786 -0.025420255966424374 -0.842018265682376 -0.008318784195336172 0.9999571605395892 -0.004058930291782659 -1.9190501843190133 0.025385831030030004 0.004268947344112523 0.9996686129270482 10.782822586271704
0.9996127219550216 0.008773644717084812 -0.026408886081232888 -0.9385428161485688 -0.008886850103862157 0.9999518066256013 -0.004172328058387082 -2.122297549412451 0.02637100682387029 0.004405404019347233 0.9996425173103243 11.855040621696112
0.9995971750092157 0.005908859360018606 -0.027759198379262565 -1.0208209969799158 -0.006044867336286967 0.999970121795058 -0.004818204651390522 -2.2751678227606864 0.027729898890590646 0.004984064429710184 0.9996030271109019 12.725049494124272
0.9995646034877288 0.006240593243351056 -0.028838489044863646 -1.111114921738207 -0.006384180149042196 0.9999676664439863 -0.004889612499183253 -2.454698546764378 0.028807042511236853 0.005071593688242889 0.9995721250811357 13.757050579030949
0.9995420444171275 0.005900623585710561 -0.029679691435886616 -1.190983342492766 -0.006053514943874907 0.9999688541024954 -0.005064166443292153 -2.638528362658641 0.02964888529530085 0.005241513735633354 0.9995466322961154 14.731008587084204
0.9994972765793035 0.00808030383651044 -0.030657834242908175 -1.2640320652084913 -0.008283095989487154 0.999944611075746 -0.0064934660546169835 -2.800544724327386 0.030603666959775188 0.006744143421013376 0.9995088454326617 15.597777770215894
0.9994703746867697 0.0064900449703462395 -0.03188807676502586 -1.3532679316022065 -0.006747591088658127 0.9999454284079573 -0.007975601577637274 -2.9711027206748124 0.03183457456900429 0.00818654519976742 0.999459624166831 16.549176919243756
0.9994252081283233 0.010542381392967625 -0.03221973854990575 -1.44360746055463 -0.010845162849762181 0.9998985238929748 -0.009237118566426141 -3.1445283649100504 0.03211908778936827 0.009581237457306756 0.9994381241919712 17.49752602265783
0.9994007554516544 0.011344237445740951 -0.03270226719108409 -1.5423416884250818 -0.011643536441454756 0.999891920552692 -0.008976373019487595 -3.341475277789765 0.03259690264118468 0.009351764016649333 0.9994248278124667 18.522859072526277
0.9993776051638297 0.01074135699374449 -0.033600975386754196 -1.6278037013007405 -0.011017478638246397 0.9999069556480639 -0.008043333331183086 -3.5168266607108634 0.03351145269104385 0.00840852523060051 0.9994029613934425 19.443287570163186
0.9993370842157805 0.01241198547687138 -0.0342247677511986 -1.7248911849245914 -0.012664458125458845 0.9998940956760848 -0.007170002265902419 -3.7079160026871527 0.03413214923631408 0.007598687296266563 0.9993884411678393 20.466279076580868
0.999314470178442 0.011000814256833132 -0.035349282562254364 -1.8307449307825832 -0.01126553291197491 0.9999099078093726 -0.007298221212095109 -3.9020061365508187 0.03526581149199059 0.007691446569930169 0.9993483697837672 21.57568989496548
0.9992844237052363 0.012015691530726517 -0.03586451863794764 -1.9170378986475387 -0.012309474879298008 0.9998923770044336 -0.007981931885142025 -4.057883285799456 0.035764750359665094 0.008417693595131143 0.9993247845751897 22.426718127293174
0.9992655256844616 0.008933958781161393 -0.03726383714880942 -2.0372132096951208 -0.009256012201816313 0.9999212135412819 -0.008478970942800753 -4.297571593302259 0.03718515048613168 0.008817657887757464 0.9992694899238634 23.68573681655615
0.9992559567709707 0.007984501162857847 -0.03773301735763507 -2.150064586106934 -0.008265701112866763 0.9999391758858218 -0.00730224033399003 -4.489065321837941 0.037672417533839944 0.007608696995078068 0.9992611754127112 24.68513639297719
0.999260897616424 0.0105860134693103 -0.03695395531799762 -2.2473174577210417 -0.010791307419760593 0.9999274044682616 -0.005360361698346225 -4.668042570829684 0.036894527764821425 0.00575518133445165 0.9993025926659146 25.631874422536423
0.999267244444992 0.011190627922939112 -0.03660251393007139 -2.304358922415593 -0.01131575838798351 0.9999308119238669 -0.003213250282910329 -4.789926072555987 0.03656402318421036 0.003625080959942183 0.9993247375085933 26.294124138960704
0.999313890814806 0.012125643006783345 -0.034995948426135084 -2.4042023105333743 -0.01219227871359463 0.9999242410305306 -0.001691312888390148 -4.999252504809037 0.034972788912848246 0.0021168328201409026 0.9993860230433832 27.373410169252995
0.9993381275773868 0.012291365558519545 -0.03423783145627033 -2.474488910060664 -0.012343436238811536 0.9999229589155271 -0.0013098913823967472 -5.1377744432639165 0.03421909338278122 0.0017316368909516201 0.9994128551713449 28.125878723164327
0.9993655248436166 0.01304287092485431 -0.03314259000257727 -2.5899436330972643 -0.01315059568194633 0.9999089228800921 -0.0030344320691502343 -5.391539639722386 0.03309999376512291 0.0034683515983673797 0.9994460270319455 29.43346440157569
0.9993683843941941 0.014209342693332882 -0.03257187212243581 -2.682615156896271 -0.01440239340866876 0.9998800335263764 -0.005699966613341173 -5.583414947715243 0.03248697181084579 0.006165479341842101 0.9994531422368175 30.447519320948935
0.9994212058359349 0.01167199223881023 -0.03195337106819786 -2.760403652299492 -0.011908907069672452 0.9999029178613459 -0.007234140223387986 -5.734383226931298 0.03186583213805287 0.0076104828718609385 0.9994631805587478 31.246630087030184
0.9994527501473298 0.008808093709524026 -0.0318844430426862 -2.8498167409908572 -0.009031294186899791 0.9999356650128297 -0.006863057675614095 -5.902148926842156 0.031821941302308816 0.007147259653418622 0.9994679988529901 32.19250517802678
0.9994486023697046 0.007573147669135924 -0.032328604294418015 -2.9406551160889602 -0.007698855070728323 0.99996327282432 -0.0037657181351142084 -6.107714306743531 0.03229889861656856 0.0040125349661621935 0.9994702000116378 33.2943049061446
0.9994335289763387 0.004779112715050166 -0.03331337928757945 -3.03267008922457 -0.004836935714299373 0.9999869318409432 -0.0016553550167386119 -6.317024615954586 0.03330503281482934 0.0018155519801302139 0.999443584480991 34.389249721781674
0.9993940405569582 -0.0037548598624088133 -0.03460422989534695 -3.131231043415883 0.0036972674345603852 0.9999916718083384 -0.0017281572499059572 -6.500045901951712 0.034610430692979324 0.0015991689644134866 0.9993996001329352 35.35775893486174
0.9993027526209652 -0.0064032209198558844 -0.03678324844290804 -3.205803499848846 0.0062609195305377485 0.9999724697780582 -0.0039825334400633555 -6.688934813448049 0.03680773683334976 0.0037494596704898617 0.9993153316453156 36.367113610868046
0.9992940542057394 -0.005488612079177374 -0.03716541896037542 -3.321696301587981 0.005261021953596515 0.9999668239178195 -0.006218738755602457 -6.896477131786838 0.03719831820203062 0.006018820578069507 0.9992897772527197 37.46274871058777
0.9992480239330134 -0.003981235784329975 -0.03856859379853513 -3.394205781123055 0.003733869581215759 0.9999720103146804 -0.00648357965670688 -7.077974886501883 0.03859332693506904 0.006334694060804232 0.9992349207104602 38.38891526947313
0.9992479005961379 -0.0023433889363721166 -0.038705835251325676 -3.4913909883794396 0.0021175294595051795 0.9999804985764879 -0.005875247714320914 -7.278329643252835 0.0387188484229299 0.00578886819762023 0.9992333760347448 39.45791400920401
0.9992296142641137 1.6993831549891944e-05 -0.03924509764033221 -3.5767957366083554 -0.000185361749431749 0.999990795609973 -0.004286529639800668 -7.447377856833632 0.03924466356858192 0.004290501898467096 0.9992204201150261 40.39673943001012
0.9991978629193339 -0.0011067085374490246 -0.04003006287339228 -3.692847675120112 0.0009621900617175007 0.9999929510363228 -0.0036293343672666313 -7.6443128204299775 0.04003379731826014 0.003587906614927959 0.9991918844738504 41.46246095231069
0.9991969565651085 0.0012574496367056174 -0.04004823106498941 -3.7890501975613566 -0.001343457056789893 0.9999968487534938 -0.0021207560481483795 -7.819722423708186 0.04004543811921648 0.002172856067565142 0.9991954971787806 42.37321045863462
0.9992204073294968 0.00230340233083659 -0.039411570813361246 -3.8865374914985775 -0.0023180216078516583 0.9999972604915232 -0.0003252464767628661 -8.005228254455863 0.039410713671533947 0.00041634978974004115 0.9992230092930975 43.32079499298829
0.9992144582890892 0.007819544962205379 -0.03884998150096956 -3.9787040121678108 -0.007792154635961008 0.9999692739805147 0.0008564000277859008 -8.168292404569108 0.03885548445420158 -0.0005530022263811981 0.9992446875097047 44.24639502752009
0.9992151297643341 0.008253444443786583 -0.03874280713703434 -4.076307460094939 -0.008233130936673976 0.9999658733783118 0.0006838374994429765 -8.37154426325354 0.03874712899071994 -0.0003643261717280978 0.9992489816164027 45.303109438818645
0.9991920390501877 0.006516079009061025 -0.03965866630478955 -4.153905396942313 -0.0065547106588033826 0.9999781613480605 -0.0008441534977001186 -8.50373357569069 0.03965229964209065 0.0011034225373823213 0.9992129290555634 46.096481662682656
0.9991815324964419 0.008707696210294746 -0.03950241947994444 -4.251025693708296 -0.008807663389246613 0.9999584331602424 -0.0023573326729236428 -8.686956321202985 0.03948025055241907 0.002703327286577616 0.9992166941349108 47.10732327230485
0.999168499269489 0.008757639923515347 -0.039819766580501084 -4.3565996364795065 -0.008849690923024187 0.9999585593584573 -0.0021360094386179 -8.888128038529002 0.039799410022288886 0.002486625972075363 0.999204595492411 48.135900166981514
0.9991367486760955 0.006662199943764068 -0.04100454288086401 -4.438065401935186 -0.006725239119485819 0.9999764058324676 -0.0013996203634752695 -9.045484424338756 0.0409942508621005 0.0016741774952041305 0.9991579797639459 49.00344822400718
0.9991130417613913 0.007235014951387874 -0.04148233769873689 -4.541753973883314 -0.007273388542109339 0.9999732488529899 -0.000774207664341667 -9.247999534409287 0.04147562659459338 0.0010752381341948213 0.9991389374163838 50.10490739205805
0.9990965041204782 0.008367906487118075 -0.041667176473337154 -4.6163635218091414 -0.008489401502580428 0.9999602111126743 -0.002739754299107969 -9.415731623473235 0.04164259257497272 0.0030910083329506706 0.9991277897001567 51.001660425345364
0.9989720077235215 0.008959420672977532 -0.044437107984646076 -4.657010525072316 -0.009257674128161933 0.9999359519861272 -0.006510560293056216 -9.565214782568537 0.04437593102765323 0.006915251752280942 0.9989909689474834 51.907376839189155
0.9989459048461665 0.009943948977409432 -0.04481291186484048 -4.7396228680411125 -0.010278894488239149 0.9999208871923895 -0.007250081687752345 -9.720662186916517 0.04473727214717908 0.007703066604552916 0.9989690882333224 52.73441347374058
0.9989665219978296 0.008898999056785902 -0.04457236524286828 -4.82119106784353 -0.009135752164898205 0.9999452075300567 -0.00511077000545448 -9.858774230524636 0.04452444227542569 0.005512690219344705 0.9989930852046016 53.44947706453795
0.9989582000902316 0.006212492104128002 -0.045209726988095215 -4.9386834167783755 -0.006370761482038569 0.9999740698296576 -0.003357538748093391 -10.080548254321426 0.0451876960092099 0.0036420612518405743 0.9989718752393474 54.633807185982924
0.9989880467267258 0.004627340092918794 -0.04473779409830834 -5.029997416790585 -0.004770774820992922 0.9999838150929629 -0.003099880598579179 -10.220172271395297 0.04472272581949115 0.00331017760589446 0.9989939541956664 55.38734472428139
0.9989620581895603 0.0012019167967708382 -0.04553418159677489 -5.14770748808354 -0.001370720562028065 0.9999923035092059 -0.0036761457381686027 -10.4615371857889 0.04552941272205366 0.0037347447517982724 0.9989560171793476 56.622623548318195
0.9989268108352102 -0.0007685689516972875 -0.04631021373691919 -5.226830228342704 0.0005788567658517365 0.9999913871021178 -0.004109823161923113 -10.618239675856534 0.04631297355425489 0.0040786055636896626 0.9989186520719392 57.45251957053101
0.9988022248333366 -0.0023543925360575667 -0.04887302429520259 -5.315715191496731 0.0021957668657587364 0.999992147227685 -0.0032991045497892516 -10.818253936422028 0.048880407893596545 0.0031878391969138893 0.998799551164002 58.50441613734579
0.9987343575843022 -0.005783275092925885 -0.049962352925657434 -5.42128654230852 0.005754606471769445 0.9999831846120343 -0.0007176332794607875 -10.98858219664099 0.04996566305997888 0.00042921133285593794 0.9987508439508874 59.40514757853879
0.9986837148642915 -0.007635249802239621 -0.05072021909764877 -5.52572374651653 0.007775975127052504 0.9999664440387721 0.002577791161144258 -11.190424136681859 0.05069883505248888 -0.002968797215094419 0.9987095745848329 60.44253673861337
0.9987071794786182 -0.00460015511618588 -0.050624186223261224 -5.636588451457741 0.00479752742953053 0.9999813552312055 0.0037779518946600933 -11.389308624943082 0.05060586318227573 -0.004015938602922087 0.9987106281845186 61.5132343398058
0.9986919383073147 -0.002174280353381513 -0.05108507477650036 -5.723917301492989 0.002252856685685685 0.9999963662005221 0.0014806155810040357 -11.54456986966455 0.05108166987021253 -0.0015937661967264662 0.9986932076031069 62.31618742211891
0.9986696260253002 -0.001007186044095463 -0.051555442300076394 -5.842256662043672 0.0008413977951587082 0.9999944058559387 -0.0032373301610514383 -11.717877334793087 0.05155841448526228 0.003189644665781283 0.9986648867676654 63.28814919999939
0.9986207010309638 0.0003951498118814371 -0.05250275544244922 -5.930227224629129 -0.0007196393794572912 0.9999807577952237 -0.006161668479147138 -11.883910715220097 0.052499310391536255 0.00619095274651607 0.9986017697323121 64.16434250251044
0.998579110992324 0.004853909829847012 -0.05306786833047936 -6.030149713563856 -0.005158281782338161 0.9999710153032956 -0.005600060923202132 -12.083818607680795 0.053039147983647256 0.00586584287663402 0.9985752053143104 65.22247489415962
0.9985592274119263 0.006761866070657788 -0.053232945792402474 -6.187628066949277 -0.006991865315882785 0.9999670048885823 -0.0041355717326647945 -12.315375425829199 0.0532032251832422 0.004501810901627917 0.9985735578958164 66.4415963573831
0.9985186805554987 0.00927931831426982 -0.05361286070828142 -6.294746292623437 -0.00946901109781439 0.9999497711828974 -0.0032852610389267024 -12.500147066829458 0.05357968281478005 0.0037880552909053313 0.9985563921114234 67.4446001816028
0.998467743982015 0.010585167771270984 -0.05431499287228676 -6.384912069939077 -0.010782990353525026 0.9999362490519056 -0.003350365806080095 -12.677909150826247 0.05427606605584208 0.003930910232108405 0.9985182304786685 68.35134942931043
0.9983911931420055 0.01161245695447411 -0.05549933603170522 -6.487109381764259 -0.011790753132776575 0.9999263212526218 -0.002886209755646791 -12.855394484753445 0.05546173092359621 0.0035359453717846473 0.9984545525427225 69.32783801693006
0.9983784671383278 0.013036455411947789 -0.055411976907637786 -6.637475937749123 -0.01320306121975803 0.9999093463511446 -0.002641638515542765 -13.059692028903429 0.055372516007017654 0.003368962735303917 0.9984600816062416 70.40710399603205
0.998331623873612 0.012891725914790519 -0.05628296524537604 -6.744024591783158 -0.013050048157171399 0.9999118519918246 -0.002446321599278744 -13.216365225147541 0.05624646670653736 0.0031767356216090164 0.9984118605734923 71.25195536982055
0.9982788988583614 0.013129343644585853 -0.057156455712344144 -6.8711696021641915 -0.013273058804777135 0.9999096286992801 -0.0021354962947499724 -13.40319466144854 0.05712325274439059 0.0028904618873850088 0.9983629496460593 72.26930894977731
0.9982522791921905 0.01586668376658514 -0.056926579326751714 -7.004999001821029 -0.015901855116515283 0.9998735439144236 -0.00016487527783475947 -13.603543312516056 0.0569167645904696 0.0010698253386173093 0.998378353822988 73.2646912839272
0.9981985424221657 0.016539190869548373 -0.057672567756610844 -7.104298599154685 -0.016430693874291007 0.9998622336980433 0.002354978378184287 -13.755447667603868 0.05770357185711617 -0.0014031356787825213 0.99833277468247 74.08492843680374
0.9980111566476386 0.019492991208254578 -0.05994793157894215 -7.179025494645735 -0.01929992653678662 0.9998065255807761 0.0037979259819437092 -13.954634717772738 0.060010366125470845 -0.0026333818265923165 0.9981942803170352 75.08894347484707
0.9979602115528964 0.020743744720491883 -0.06037477297899569 -7.310247250578232 -0.02075644193523482 0.999784474927334 0.0004169082116260493 -14.089776561116356 0.060370408939174884 0.0008371076626228021 0.9981756924386006 76.03627149542095
0.9979094493118663 0.022547755759813683 -0.06056673744126766 -7.441261064578078 -0.0228110041165324 0.999733101397798 -0.0036584232571079214 -14.288484008402964 0.06046808302963615 0.005032363234951775 0.9981574456241833 76.98536229107904
0.9978562049965537 0.02062175856434795 -0.062110685260954014 -7.536534336632865 -0.021081291783912614 0.9997549625107838 -0.0067523382450746065 -14.466404414333118 0.061956220725548176 0.008047236094971922 0.9980464261268815 77.94325718887069
0.9978478430821884 0.021860350306683114 -0.0618207662576997 -7.6943017693300035 -0.02236079638019607 0.9997224691993988 -0.0074148070165988445 -14.686006641857727 0.061641518812105875 0.0087812107547438 0.9980597244134337 79.09208263595346
0.9977739730670313 0.025426394343824633 -0.061648983290065476 -7.790153258449535 -0.025800779207434572 0.999653137880675 -0.00528428969704335 -14.832766160169525 0.06149323915940196 0.006863118532089788 0.9980839038586389 79.83507766965862
0.9977353193855758 0.025022446579937213 -0.06243484297819923 -7.917943838855007 -0.025317131279763556 0.9996717328482819 -0.003933116813621199 -15.028143573133201 0.0623159314647641 0.005504880676333481 0.9980412922191245 80.87031317620969
0.9977291361265308 0.022173543753939706 -0.06359956667771953 -8.04670213576196 -0.02253256746308435 0.999733937651097 -0.004933286140801635 -15.257343066128588 0.06347325679152505 0.006355144846319428 0.9979633048395422 81.81099229671746
0.9977840155340462 0.013554021863090052 -0.0651409766282552 -8.155140813862978 -0.014120929034183214 0.9998662575753787 -0.008250231839829763 -15.434649238777785 0.06502044069336468 0.00915180056242092 0.9978419648614244 82.78735032430586
0.9978372050266986 0.008475270708229869 -0.065184983323784 -8.26828492877274 -0.009218307781083896 0.9998958278439899 -0.011106586416524834 -15.606894380294772 0.06508406153700588 0.011683460386240163 0.9978113858276285 83.74449495355852
0.9978717082564199 0.010286831285142937 -0.0643912646522671 -8.298873794081139 -0.011013354718225283 0.9998795238819711 -0.010938178066079506 -15.80366249501073 0.06427098785033286 0.011624062270386117 0.997864781068597 84.7081966943054
0.9980287596981045 0.0151951045133396 -0.060890915695894644 -8.401862197934578 -0.015780769479131776 0.9998336185458829 -0.009148909229197831 -15.935400882822806 0.0607417659448766 0.010091780034580902 0.9981024966633606 85.4074553559827
0.9982289289068816 0.01342013224247564 -0.05795606563601925 -8.521030457947026 -0.013895641986377012 0.9998729538019597 -0.0078094423054862645 -16.098264035894584 0.05784389878974582 0.008600947966986554 0.9982885890697505 86.33280336980351
0.9983370386058348 0.008754261312698457 -0.05697824371278161 -8.562680007930599 -0.009089420026890404 0.9999428652379899 -0.005625718016938078 -16.280910839930357 0.05692573926879412 0.006134261854565147 0.9983595700148337 87.33666454086858
0.9986364753103044 0.003256470492300745 -0.052101684999012986 -8.680109027393332 -0.0034537000146271134 0.9999872061030795 -0.0036958877632598513 -16.452601200959712 0.05208898286598035 0.003870791919291112 0.9986349457303745 88.22753024436275
0.9989761995708509 0.006181236004572367 -0.044814562504025976 -8.755974130368582 -0.006380644688275272 0.9999703639857881 -0.004307960478544441 -16.573086781441194 0.04478660585859704 0.004589495786960059 0.998986034168692 88.9066880054384
0.999329084048123 0.011045934250578607 -0.03491946609075015 -8.822321047994173 -0.0112062107199079 0.999927538780429 -0.004397502678451681 -16.757229185431402 0.034868361258196146 0.004785867218999532 0.9993804545107599 89.78240752003074
0.9996198174467819 0.014274262469834103 -0.02358953154677364 -8.905846674466334 -0.014374677160236818 0.999888303131699 -0.004092666238919696 -16.963246081864938 0.023528476877878058 0.004430202178969227 0.9997133509583954 90.89808822506582
0.9998854389471689 0.010768265221674459 -0.010637360835032592 -8.945796517590408 -0.010805572733877737 0.9999356457996968 -0.00345598857477023 -17.14385184486041 0.01059946127460517 0.0035705354292835945 0.9999374493924307 91.83127186206757
0.9999796426027762 0.004493958758948821 0.004529758789233955 -8.93659458686265 -0.004487745446472432 0.9999889765707296 -0.0013808974710331394 -17.400732070577977 -0.0045359145520447956 0.0013605409551784196 0.9999887871408805 92.9927633163905
0.9997757362110372 0.0013769765656785275 0.021132468365232644 -8.914175656878406 -0.0013844657605290994 0.9999989839060636 0.0003397666721675718 -17.612319184478743 -0.0211319790419156 -0.0003689476536897205 0.9997766267218915 94.00715710295528
0.999157974376025 -0.0013898994023733902 0.041005004821863186 -8.89156006887835 0.0013111997129490048 0.9999972467171518 0.0019461021097523044 -17.790766934790188 -0.04100759680964742 -0.0018906976913533144 0.9991570458472185 94.86446537415934
0.9978924769824756 -0.0047934810613782675 0.06471187619815144 -8.86207288174665 0.00464117733654929 0.9999860954085972 0.0025036897555278056 -17.955095278936888 -0.06472297779538211 -0.0021980738785187573 0.9979008490909941 95.73476229671807
0.9960213750413438 -0.008245548100505703 0.08873235823116829 -8.727402780949493 0.008032296348430681 0.999963931329601 0.00276011869544793 -18.170746654710857 -0.08875191646445336 -0.002036412621305378 0.9960516805605654 96.87638702292125
0.9928933567821745 -0.013136580966763418 0.11828022784185208 -8.681671848802916 0.012822842708623522 0.9999119586542335 0.0034131576461013786 -18.33334139709448 -0.11831465151318753 -0.0018722127953033727 0.9929743894263167 97.72032578713771
0.9887110383546686 -0.014627526961562028 0.14911914059104792 -8.54367627708536 0.014364909154937568 0.9998927915496011 0.002838096564512009 -18.55068435869263 -0.149144668093079 -0.0006639744933925035 0.9888151632723283 98.74486689412919
0.9829823339059325 -0.01861247864217944 0.18275477248934044 -8.343424121800986 0.018598975991054263 0.9998254253455302 0.0017879946047579072 -18.760945788272434 -0.18275614714947552 0.001641484516187785 0.983156903148051 99.79315965109038
0.975135750701091 -0.02312909952127271 0.22039807726008903 -8.174823203417183 0.02320549965006864 0.9997282004618678 0.002242763308940295 -18.930873365569624 -0.22039004626026162 0.002927448821830742 0.9754074315652917 100.65835792168609
0.9656291544241086 -0.029696458089643125 0.25822171965793356 -7.9720569800665215 0.029881762942232534 0.9995482928771899 0.003207873088629756 -19.083952494914527 -0.2582003415366352 0.00461850443528532 0.9660803553779315 101.48705664792304
0.9548714371906587 -0.03314568571911791 0.29516419490792833 -7.577541054385883 0.03356660697374719 0.9994298467626549 0.0036420181546697665 -19.32022968222612 -0.29511662327579313 0.0064300014135775865 0.9554396023549154 102.48465353792663
0.9413658630488542 -0.03941715622869893 0.33507700559889075 -7.271794196297336 0.039819811069558494 0.9991907833350591 0.005671079672150577 -19.552035810418772 -0.3350293935353455 0.008004142246713159 0.9421736778186054 103.38758575906363
0.9265802100482204 -0.04394575810788066 0.3735209293885826 -6.991856156550665 0.044421816678738756 0.9989859153558527 0.00733778737642901 -19.69822929484369 -0.3734646121789147 0.009793429682436 0.9275927296961269 104.09484697317143
0.9104401867198362 -0.04809194597501501 0.41083552808621293 -6.366904404319385 0.047966597312391016 0.9987924793767732 0.010620201629972088 -20.008130286195943 -0.41085018187632777 0.010037323982345957 0.9116476184247209 105.3580951324468
0.8930243709460312 -0.04214407331318277 0.44803052349255224 -5.968235035229667 0.04121001696323392 0.9990803757557352 0.011837959353753414 -20.245858894511805 -0.4481174035878617 0.007891759268009332 0.8939398820599362 106.09784882955118
0.8740237388551086 -0.03900963690492348 0.4843147242715994 -5.501752968394325 0.037460648143385164 0.9992151066824276 0.01287906899952529 -20.505792199062252 -0.4844369966862623 0.006886131436665822 0.8747990497453884 106.94284122346505
0.8549033330795631 -0.04227548391833319 0.5170619639355781 -4.931479592269837 0.040077422127308346 0.9990775545574645 0.015422069092640316 -20.742256512532798 -0.5172369779173512 0.007538132324344506 0.8558090238107967 107.77673503715404
0.8343943518561665 -0.03889063320386652 0.5497941289605806 -4.414909081968647 0.03629296192892934 0.9992194018303574 0.015601535828256803 -21.023124043144932 -0.5499717142771476 0.006935824015740778 0.8351544814226171 108.56440959888343
0.8150299991665345 -0.038261196632498 0.5781541155183817 -3.8777340654582675 0.036378993746841205 0.9992278253735231 0.014843241332667718 -21.18973871251557 -0.5782755997554779 0.008934977982165377 0.8157925575144103 109.27298240473796
0.7937972407142456 -0.038101432879674255 0.6069878264404982 -3.3390366701541954 0.03683990601323266 0.999215336704232 0.014544147275693323 -21.357445206215985 -0.607065698223329 0.010816270501261674 0.7945780303614413 110.03018114746031
0.7745764026965261 -0.04170400413301813 0.6311039315556333 -2.682772471136942 0.040614018748446425 0.9990440458914676 0.016170833308786856 -21.517073079254658 -0.6311750136584955 0.013106121015497891 0.775529710407749 110.77670799432921
0.7569911402630686 -0.055157147937374064 0.6510930061017621 -1.8623727544373703 0.05042686850460828 0.9983905762474916 0.025949724334046395 -21.723363854334224 -0.6514764343366766 0.01318886998982594 0.7585542229876272 111.66188681925208
0.7400840159584737 -0.06533809725644298 0.6693329383570487 -0.9598025217301429 0.05669331310647991 0.997787929301898 0.03471478630834272 -21.983870216655067 -0.670120524660885 0.012254843382542187 0.7421511309981885 112.57491533089028
0.7245200762229832 -0.06950083478715949 0.6857406894108931 -0.2511910664981698 0.05782069972710958 0.9975249160919025 0.04001010446003765 -22.178150830241893 -0.6868241593252981 0.010661882560016623 0.7267454151402505 113.27745321135446
0.710023037924607 -0.06463888125160326 0.7012054625049993 0.2433286223589074 0.055011497128102126 0.9978264265680651 0.03627888678175954 -22.322626505396542 -0.7020263675959967 0.012815516881499659 0.7120356323436569 113.75787109851203
0.6941723579322632 -0.056547700686115414 0.7175842076229599 0.7248061338798713 0.05170438694434555 0.9982514568693431 0.028647604244281092 -22.44659950106957 -0.7179494368362325 0.017215876548730476 0.6958823318214049 114.31464548292347
0.6798917151107782 -0.05530860589504329 0.7312237782222815 1.5178481006597404 0.05213852566585965 0.998274001392253 0.02702947068818781 -22.654841096458192 -0.7314566493409624 0.019747816543603698 0.6816019321250871 115.18602127065573
0.667599001991968 -0.06229426304766117 0.7419103701463372 2.1103179251002677 0.05883474128820208 0.9977913217983531 0.03083749927341013 -22.761771370540504 -0.7421927281756888 0.023063020947740067 0.6697895574789828 115.81189421999397
0.6574473271867842 -0.07327468409026308 0.7499292184242611 2.993983315339923 0.06685068547534408 0.9970079146676922 0.038809843357689486 -22.9315792906677 -0.7505291452211721 0.02461785452560271 0.6603786515417744 116.59268593214989
0.6471957624939304 -0.08330817968988961 0.7577581356914977 3.7452646040074775 0.07669537648645358 0.9960830301998498 0.04400472898994699 -23.05906270320772 -0.7584559738280754 0.029636871370547574 0.6510500684431809 117.31081006011287
0.6451648776738106 -0.07782687470568712 0.7600692456544208 5.222682504044911 0.07408859574121814 0.9964830441208821 0.03914617172428099 -23.40308484230299 -0.7604427398543723 0.03105672798473154 0.6486619451221544 118.15210765839524
0.6366702929684153 -0.07428526055883714 0.767549762631203 5.617363888545475 0.07216623079693195 0.9967207061409639 0.036604222193815865 -23.474566681605598 -0.7677518955913226 0.032086352450158236 0.6399433512447593 118.48882362371677
0.6294828650046013 -0.07316066180429757 0.7735624346036681 6.479061463414597 0.06955803936560824 0.9968661372015574 0.03767736270560888 -23.64028494922941 -0.7738946968581734 0.03009023205617568 0.6325990642655105 119.21437436086319
0.6229242546893659 -0.07384216509643979 0.7787892574846973 7.201651113575309 0.06838838818437867 0.9968638614985954 0.039817960767010795 -23.784811248115858 -0.7792871109425801 0.02845656852064905 0.6260206246017732 119.82428449022646
0.6169245737838618 -0.07621443328771071 0.7833233243177632 8.06857562401106 0.06883409627172207 0.9967111295946456 0.04276436989612001 -23.932307100217578 -0.7840063376351292 0.02753696244667717 0.6201417404490362 120.51853092405504
0.6107723310927097 -0.08063187899866778 0.7876900784323234 8.77779524830379 0.07121685317017937 0.9963636851095141 0.04677143165990433 -24.069932616877914 -0.7885970576892275 0.027530112315860836 0.6142937192579514 121.13772288582965
0.6062790355311996 -0.08320596471900918 0.790887159151377 9.784176153218901 0.0734421952006966 0.996119554027083 0.0484982272766694 -24.23138298772376 -0.7918535060473328 0.02868103066584987 0.6100372311920713 121.94477775205613
0.6026669025442909 -0.08566474962992325 0.793381468934403 10.53641285725406 0.07516195977295569 0.9958949886779758 0.05043660703471703 -24.364866690814452 -0.7944452683355544 0.02923563231620162 0.6066316785515891 122.5572047252264
0.599832285436301 -0.08787248564437164 0.7952858955211903 11.393831689215407 0.07666532965671422 0.9956899328201545 0.0521918088325595 -24.511116840683627 -0.7964443838567032 0.029664523378380565 0.6039837410691182 123.26827829359466
0.5973189809393331 -0.08981101632208244 0.7969592313015706 12.14678833935405 0.07829195043839529 0.9954936576098545 0.05350465545254694 -24.638027586339906 -0.7981731676184944 0.030436146368060486 0.6016587367338055 123.87680823224065
0.5946349976239192 -0.09115836695076221 0.7988112240921946 13.016203566694392 0.07931527851721586 0.9953561655299579 0.054545305345425926 -24.786620802004666 -0.8000739379548185 0.03092338720707902 0.5991038623887417 124.5805662031577
0.5926790233748244 -0.09352114264539411 0.7999908569038545 13.927400761542037 0.0808799871611162 0.9951261530565939 0.056412473617030126 -24.92498980566453 -0.8013675829032985 0.03126876046589633 0.597354385344788 125.3084141717014
0.5914797481612614 -0.09625151154162209 0.8005544041731597 14.745962948439022 0.08265340854415551 0.9948572071637654 0.058545293665124794 -25.04191783375339 -0.8020723917272784 0.03154019467687362 0.5963934058560896 125.96396864156078
0.5900584951481607 -0.09772353345873441 0.8014244089817993 15.546615676950085 0.08334343345467174 0.9947171487703927 0.05993051011026907 -25.16179963275541 -0.8030472242673325 0.03143095528979916 0.5950859187093082 126.60861536131046
0.5889568199765195 -0.10081246979338847 0.8018520500299925 16.377522934086468 0.0849151345420964 0.9944164388465525 0.06265274197852427 -25.286719542310898 -0.8036910377308158 0.03118961503267423 0.5942288479914758 127.27405722913775
0.5887775000918268 -0.10501607235259905 0.8014441215289132 17.1732539462747 0.08701623475055115 0.9939968419337327 0.06632083470216325 -25.40867512792757 -0.8035976793616617 0.030690434558468736 0.5943810788973372 127.90985503527988
0.5892329613821493 -0.10738603000036172 0.8007950785198321 18.066174795305255 0.08815425990748357 0.9937558336125077 0.06839714629472263 -25.54487681518114 -0.8031396788112135 0.03029164442314587 0.5950202287293779 128.638328295551
0.590514502597933 -0.10918360182996288 0.7996071306041193 18.714552118979782 0.08919058660528015 0.993565784492467 0.06980022311469974 -25.63329429131274 -0.8020833257726501 0.030099384998546887 0.5964531545227949 129.16445735481065
0.5925622531287301 -0.11275226809143107 0.7975944472018609 19.38733162197437 0.09101330271117383 0.9931862437767602 0.07278505273888038 -25.7266462655877 -0.8003665128530807 0.02946203001889218 0.5987866346960031 129.7186892846042
0.5945007851127115 -0.11272410819353791 0.7961545653529483 20.295673372048558 0.09046010363408577 0.9932153337286782 0.07307715441044532 -25.870939084483805 -0.7989904793868782 0.02857579881976792 0.6006643301969395 130.47048449212838
0.5962027691265541 -0.11240955742568486 0.7949253735321268 20.960736151087396 0.08948515682570118 0.9932839514380833 0.07334438303928956 -25.966519563484002 -0.7978312257574918 0.02740589744735061 0.6022576292513053 131.03496734238456
0.5980564821978176 -0.11218054956107754 0.7935640921824442 21.70047852713111 0.08856197974339551 0.9933419653056745 0.07367846161923726 -26.06950158273429 -0.7965458052397836 0.02621572548720192 0.6040095329480187 131.6602006321333
0.5997580350660114 -0.11014483556035821 0.7925644545228729 22.61251054687545 0.08649267252054293 0.9936013483475097 0.07263179856131667 -26.18693163586572 -0.7954931281752247 0.024989513028026163 0.6054471135158026 132.46811585709628
0.6016903367722838 -0.10870582550657451 0.7912975307277228 23.24654097981379 0.08521416280287841 0.9937775802147589 0.07172633770302698 -26.27234687861885 -0.7941708160670812 0.02427271232097326 0.6072096428285119 132.9984801180601
0.603973644890009 -0.10799673270703795 0.7896534315779822 24.03077541255697 0.08554491335208468 0.9938374775988775 0.07049209827683198 -26.377098285326344 -0.792400090912321 0.02497546485031406 0.6094902149154288 133.67343419176333
